0       60641200        68      80      81
1       30751571        61399353        80      81
2       40967282        92535389        80      81
3       31118194        134014833       80      81
4       24028197        165522075       80      81
24      28164641        189861807       80      81
25      24925527        218378577       80      81
26      19290042        243615745       80      81
27      17681216        263146984       80      81
28      24129822        281049287       80      81
29      16357268        305480803       80      81
30      15534495        322042608       80      81
31      19487484        337771356       80      81
32      17939704        357502505       80      81
33      11846179        375666527       80      81
34      17728136        387660855       80      81
35      12921745        405610664       80      81
36      10576458        418694002       80      81
37      19005954        429402737       80      81
38      16011457        448646337       80      81
55      10075383        464883186       80      81
56      14870918        475084583       80      81
57      10110371        490141459       80      81
58      14285503        500378281       80      81
59      16085254        514842422       80      81
60      19870065        531128813       80      81
61      7736636 551247325       80      81
62      10294387        559080738       80      81
63      13470656        569503876       80      81
64      11053305        583142987       80      81
65      13893352        594334530       80      81
66      12456953        608401618       80      81
83      9507720 621034041       80      81
84      15075123        630660679       80      81
85      14078439        645924311       80      81
86      8862139 660178802       80      81
87      8148870 669151789       80      81
88      11541167        677402591       80      81
89      14626786        689088094       80      81
90      11717317        703897786       80      81
91      13707506        715761641       80      81
92      12861667        729640562       80      81
93      10927910        742663070       80      81
94      13416648        753727650       80      81
95      14693784        767312076       80      81
96      11643517        782189604       80      81
97      11541480        793978736       80      81
98      15254932        805664556       80      81
99      13464471        821110246       80      81
100     13855258        834743095       80      81
101     16387025        848771614       80      81
102     10119913        865363549       80      81
103     8083268 875610033       80      81
104     9614520 883794414       80      81
105     11117038        893529188       80      81
106     7950838 904785260       80      81
107     11413035        912835555       80      81
108     6960380 924391324       80      81
109     13240954        931438779       80      81
110     9926737 944845317       80      81
111     6535856 954896211       80      81
112     9141120 961513838       80      81
113     8633408 970769294       80      81
114     11526872        979510692       80      81
115     7960289 991181722       80      81
116     12826257        999241587       80      81
117     8858454 1012228245      80      81
118     13468440        1021197502      80      81
119     10252135        1034834370      80      81
120     11851805        1045214727      80      81
121     12122097        1057214752      80      81
122     11075787        1069488448      80      81
123     6385355 1080702755      80      81
124     7222866 1087167999      80      81
125     6022444 1094481223      80      81
126     11258973        1100579018      80      81
127     3727337 1111978801      80      81
128     9597246 1115752801      80      81
129     13291386        1125470085      80      81
130     6162391 1138927685      80      81
131     10231428        1145167178      80      81
132     6641679 1155526568      80      81
133     11654078        1162251340      80      81
134     16518231        1174051166      80      81
135     9800705 1190775947      80      81
136     6042393 1200699233      80      81
137     8630299 1206817228      80      81
138     6442638 1215555478      80      81
139     6133973 1222078721      80      81
140     6975012 1228289441      80      81
141     6017466 1235351711      80      81
142     6723578 1241444468      80      81
143     10637932        1248252161      80      81
144     7391762 1259023139      80      81
145     11365926        1266507371      80      81
146     9342798 1278015443      80      81
147     9061276 1287475098      80      81
148     5615844 1296649712      80      81
149     9326540 1302335827      80      81
150     8577655 1311779020      80      81
151     11884559        1320463968      80      81
152     12038810        1332497155      80      81
153     7536329 1344686523      80      81
154     8537799 1352317129      80      81
155     6250815 1360961723      80      81
156     7611074 1367290745      80      81
157     6081949 1374997030      80      81
158     8141356 1381155076      80      81
159     7006383 1389398271      80      81
160     6624236 1396492305      80      81
161     3871242 1403199416      80      81
162     5382085 1407119121      80      81
163     5497985 1412568555      80      81
164     5312466 1418135337      80      81
165     7855436 1423514281      80      81
166     8132587 1431467982      80      81
167     7017356 1439702299      80      81
168     9521946 1446807444      80      81
169     2911734 1456448487      80      81
170     4952254 1459396690      80      81
171     6310314 1464410920      80      81
172     7298994 1470800185      80      81
186     5791402 1478200273      80      81
187     7725051 1484064140      80      81
188     4636676 1491885827      80      81
189     5242952 1496580534      80      81
190     8197772 1501889094      80      81
191     4170268 1510189410      80      81
192     7458014 1514411879      80      81
193     9231509 1521963190      80      81
194     3672230 1531310165      80      81
195     9495290 1535028370      80      81
196     6733870 1544642423      80      81
197     5861473 1551460537      80      81
198     7643669 1557395349      80      81
199     5023052 1565134635      80      81
200     6764077 1570220548      80      81
201     5437835 1577069246      80      81
202     3775780 1582575126      80      81
203     6788277 1586398176      80      81
204     7762806 1593271379      80      81
205     4695738 1601131293      80      81
206     3714897 1605885798      80      81
207     2755833 1609647202      80      81
208     7122362 1612437555      80      81
209     5982060 1619649017      80      81
210     2444577 1625705925      80      81
211     3278769 1628181132      80      81
212     4312707 1631500958      80      81
213     9296779 1635867645      80      81
214     5667052 1645280706      80      81
215     4078202 1651018668      80      81
216     4996396 1655147920      80      81
217     5274148 1660206843      80      81
218     2324804 1665546990      80      81
219     3239201 1667900927      80      81
220     2954444 1671180691      80      81
234     3445284 1674174119      80      81
235     4376622 1677662542      80      81
236     2855250 1682093944      80      81
237     4808531 1684984957      80      81
238     3474734 1689853665      80      81
239     5647806 1693371905      80      81
240     6797864 1699090378      80      81
241     4014138 1705973288      80      81
242     4622410 1710037675      80      81
243     2180785 1714717938      80      81
244     5790408 1716926055      80      81
245     3085590 1722788915      80      81
246     5752500 1725913147      80      81
247     4989666 1731737626      80      81
248     6500370 1736789735      80      81
249     3319144 1743371432      80      81
260     5377980 1746745008      80      81
261     3138857 1752190284      80      81
262     2003890 1755368448      80      81
263     2359393 1757397459      80      81
264     5086539 1759786417      80      81
265     2630999 1764936610      80      81
266     3380932 1767600569      80      81
267     5148953 1771023835      80      81
268     3200769 1776237221      80      81
269     3098026 1779478072      80      81
270     3330248 1782614895      80      81
271     2138837 1785986844      80      81
272     3598730 1788152488      80      81
273     1977942 1791796275      80      81
274     1566583 1793799014      80      81
275     2280450 1795385252      80      81
276     4325623 1797694278      80      81
277     3050203 1802074043      80      81
278     2386767 1805162445      80      81
279     4683670 1807579119      80      81
290     2696518 1812374793      80      81
291     2447558 1815105090      80      81
292     1845111 1817583315      80      81
293     2675266 1819451562      80      81
304     4438600 1822167932      80      81
305     1949419 1826662086      80      81
306     1775398 1828635945      80      81
307     3037027 1830433606      80      81
308     1986591 1833508668      80      81
309     2292044 1835520164      80      81
310     3564406 1837840931      80      81
311     3862969 1841449965      80      81
312     5133692 1845361294      80      81
313     1711563 1850559230      80      81
314     4510999 1852292259      80      81
315     3042814 1856859716      80      81
316     2243560 1859940638      80      81
317     2017564 1862212314      80      81
318     1175233 1864255170      80      81
319     3888390 1865445166      80      81
320     2686203 1869382233      80      81
338     3734524 1872153487      80      81
339     6504826 1875934765      80      81
340     3071929 1882520974      80      81
341     1400499 1885631373      80      81
342     3203725 1887049451      80      81
343     1446677 1890293295      80      81
344     2475946 1891758128      80      81
345     2589458 1894265096      80      81
346     3448401 1896886995      80      81
347     1443819 1900378574      80      81
348     834518  1901840513      80      81
349     2713886 1902685535      80      81
350     1271030 1905433416      80      81
351     1361541 1906720406      80      81
352     929367  1908099038      80      81
353     1098985 1909040095      80      81
354     2663383 1910152890      80      81
355     3612356 1912849638      80      81
356     2016459 1916507221      80      81
357     2524265 1918548958      80      81
358     1045485 1921104849      80      81
359     1722947 1922163475      80      81
360     955705  1923908031      80      81
361     1461807 1924875755      80      81
362     2156141 1926355907      80      81
363     1046254 1928539069      80      81
364     863456  1929598474      80      81
365     1597334 1930472796      80      81
366     3506320 1932090169      80      81
367     2374908 1935640389      80      81
368     1823928 1938045056      80      81
369     3412086 1939891855      80      81
370     1437685 1943346664      80      81
371     1597271 1944802393      80      81
372     1056953 1946419700      80      81
373     2443046 1947489935      80      81
374     2766491 1949963590      80      81
375     1018219 1952764735      80      81
376     1647790 1953795754      80      81
377     670899  1955464214      80      81
378     1862335 1956143572      80      81
379     1233413 1958029259      80      81
380     2420613 1959278162      80      81
381     1507835 1961729105      80      81
382     789955  1963255859      80      81
383     2827877 1964055761      80      81
384     406323  1966919059      80      81
385     1782983 1967330534      80      81
386     1515859 1969135877      80      81
387     1901680 1970670756      80      81
388     1789050 1972596276      80      81
389     1409857 1974407760      80      81
390     1957820 1975835311      80      81
391     1662307 1977817676      80      81
392     1458726 1979500834      80      81
393     1512227 1980977867      80      81
394     1322771 1982509069      80      81
395     682732  1983848447      80      81
396     1391434 1984539785      80      81
397     1495654 1985948682      80      81
398     2690970 1987463104      80      81
399     1665106 1990187784      80      81
400     1961703 1991873776      80      81
401     1162966 1993860071      80      81
402     1978999 1995037647      80      81
403     2286729 1997041456      80      81
404     2934739 1999356842      80      81
405     1219313 2002328338      80      81
406     2211853 2003562965      80      81
414     996248  2005811818      80      81
415     2630989 2006820592      80      81
416     874618  2009484541      80      81
417     496160  2010370163      80      81
418     841340  2010872595      80      81
419     689746  2011724524      80      81
420     1294725 2012422963      80      81
421     635169  2013733945      80      81
422     905670  2014377126      80      81
423     798155  2015294189      80      81
424     1038507 2016102393      80      81
425     1420312 2017153954      80      81
426     385938  2018592092      80      81
427     1059910 2018982927      80      81
428     1949520 2020056158      80      81
429     323263  2022030119      80      81
430     204622  2022357493      80      81
431     741694  2022564745      80      81
432     515065  2023315782      80      81
433     149360  2023837358      80      81
434     731973  2023988657      80      81
435     1003278 2024729852      80      81
436     613418  2025745743      80      81
437     354036  2026366901      80      81
438     330247  2026725435      80      81
439     375916  2027059881      80      81
440     1142539 2027440568      80      81
441     821413  2028597461      80      81
442     379753  2029429214      80      81
443     341450  2029813786      80      81
444     1656582 2030159576      80      81
445     1725893 2031836938      80      81
446     304986  2033584477      80      81
447     390068  2033893347      80      81
448     1125461 2034288361      80      81
449     255508  2035427963      80      81
450     676377  2035686737      80      81
451     485650  2036371639      80      81
452     284496  2036863430      80      81
453     1294326 2037151555      80      81
454     340654  2038462133      80      81
455     527407  2038807118      80      81
456     1059895 2039341190      80      81
457     371613  2040414405      80      81
458     914913  2040790736      80      81
459     2222460 2041717158      80      81
460     1553039 2043967471      80      81
461     1102362 2045539993      80      81
462     765944  2046656207      80      81
463     923972  2047431798      80      81
464     891607  2048367391      80      81
465     1171066 2049270216      80      81
466     697137  2050455993      80      81
467     592776  2051161917      80      81
468     1010254 2051762175      80      81
469     1927577 2052785129      80      81
470     1078919 2054736873      80      81
471     460410  2055829351      80      81
472     1003252 2056295587      80      81
473     450908  2057311451      80      81
474     524765  2057768066      80      81
475     442758  2058299463      80      81
476     544457  2058747826      80      81
477     3157051 2059299160      80      81
478     688123  2062495746      80      81
479     447535  2063192543      80      81
480     347601  2063645745      80      81
481     977812  2063997763      80      81
482     3183754 2064987870      80      81
483     1440158 2068211493      80      81
484     1442591 2069669725      80      81
485     1080761 2071130421      80      81
507     176794  2072605342      80      81
512     362997  2072849457      80      81
529     103481  2073751266      80      81
531     207046  2073864000      80      81
532     275224  2074073707      80      81
536     450385  2074439530      80      81
537     149768  2074895617      80      81
540     118330  2075134699      80      81
547     184623  2075589594      80      81
557     113033  2075925602      80      81
561     316116  2076113084      80      81
563     300019  2076486277      80      81
564     286865  2076790118      80      81
565     231296  2077080640      80      81
568     176950  2077332265      80      81
569     705378  2077511499      80      81
574     137442  2078405042      80      81
576     442348  2078554561      80      81
577     105642  2079002511      80      81
578     146148  2079109546      80      81
582     120848  2079457002      80      81
590     201847  2079864013      80      81
594     355979  2080217035      80      81
596     606996  2080657963      80      81
599     655585  2081292853      80      81
606     1102668 2082196487      80      81
609     151902  2083340447      80      81
611     630247  2083533628      80      81
612     1428738 2084171826      80      81
618     788619  2085724322      80      81
623     1697962 2086584260      80      81
624     207691  2088303518      80      81
629     478045  2088616472      80      81
630     157548  2089100565      80      81
631     115109  2089260154      80      81
637     426210  2089488676      80      81
640     489689  2090115510      80      81
641     166483  2090611393      80      81
642     156035  2090780030      80      81
643     199320  2090938087      80      81
644     205712  2091139971      80      81
645     960362  2091348327      80      81
646     798364  2092320765      80      81
648     949351  2093152227      80      81
649     115170  2094113517      80      81
652     150385  2094257800      80      81
653     211343  2094410137      80      81
656     113432  2094691863      80      81
657     149218  2094806785      80      81
658     126367  2094957941      80      81
659     1147425 2095085958      80      81
662     176089  2096322606      80      81
663     1000374 2096500969      80      81
665     129788  2097568200      80      81
667     435940  2097716750      80      81
668     251691  2098158212      80      81
669     162794  2098413122      80      81
670     239172  2098578019      80      81
672     379965  2098902521      80      81
673     418938  2099287307      80      81
674     388798  2099711554      80      81
675     116429  2100105284      80      81
678     202461  2100363824      80      81
680     165420  2100599239      80      81
684     276169  2100927177      80      81
685     259249  2101206871      80      81
687     160198  2101514994      80      81
688     298782  2101677267      80      81
691     236751  2102082981      80      81
694     646591  2102484819      80      81
697     244782  2103178211      80      81
698     741311  2103426125      80      81
702     233859  2104272827      80      81
703     138971  2104509681      80      81
704     546620  2104650462      80      81
707     120089  2105336217      80      81
709     128969  2105540534      80      81
711     228867  2105754166      80      81
714     170306  2106091594      80      81
716     949088  2106330482      80      81
717     196678  2107291505      80      81
719     450834  2107514663      80      81
720     520790  2107971205      80      81
722     207286  2108599881      80      81
723     146761  2108809831      80      81
725     196458  2109020716      80      81
727     388050  2109287401      80      81
728     225714  2109680374      80      81
729     564379  2109908980      80      81
731     490728  2110494708      80      81
733     211598  2111076441      80      81
734     328501  2111290756      80      81
736     164723  2111675302      80      81
738     557003  2111895216      80      81
740     300595  2112558812      80      81
741     105691  2112863237      80      81
742     105948  2112970322      80      81
743     191663  2113077667      80      81
744     203152  2113271797      80      81
745     396085  2113477561      80      81
746     404295  2113878668      80      81
748     689450  2114373682      80      81
749     260979  2115071823      80      81
750     227062  2115336137      80      81
751     326245  2115566109      80      81
752     123313  2115896503      80      81
753     265843  2116021430      80      81
754     302800  2116290667      80      81
755     173716  2116597323      80      81
759     331292  2116917182      80      81
760     268715  2117252688      80      81
761     600185  2117524834      80      81
762     246212  2118132594      80      81
763     967462  2118381956      80      81
764     567122  2119361583      80      81
765     254435  2119935865      80      81
767     414777  2120260363      80      81
768     343318  2120680397      80      81
769     195445  2121028079      80      81
770     162628  2121226040      80      81
772     416815  2121404006      80      81
773     153630  2121826104      80      81
775     330024  2121990458      80      81
776     579966  2122324680      80      81
777     319277  2122911968      80      81
778     489535  2123235308      80      81
780     415854  2123739319      80      81
782     481384  2124176971      80      81
783     532795  2124664445      80      81
784     554554  2125203972      80      81
785     400844  2125765530      80      81
786     420432  2126171456      80      81
790     557473  2126666285      80      81
792     780888  2127260218      80      81
218265  149669  2506983852      80      81
219565  126919  2526586577      80      81
219595  105664  2527216249      80      81
219601  156507  2527384402      80      81
219742  169719  2529722038      80      81
219749  101894  2529982645      80      81
219908  132462  2532161701      80      81
220008  134738  2533344455      80      81
220073  205657  2534024064      80      81
220086  170730  2534412718      80      81
220099  140602  2534693826      80      81
220105  121842  2534931478      80      81
220122  121103  2535281666      80      81
220123  124739  2535404358      80      81
220140  135215  2535759020      80      81
220174  328547  2536298210      80      81
220177  204099  2536638852      80      81
220184  167350  2536885635      80      81
220189  243138  2537089071      80      81
220232  162534  2537931620      80      81
220242  186072  2538168410      80      81
220323  288516  2539382038      80      81
220434  185151  2540986005      80      81
220435  220614  2541173546      80      81
220458  100871  2541729721      80      81
220562  374948  2542974644      80      81
220582  256921  2543614262      80      81
220625  128355  2544341223      80      81
220671  146008  2545000718      80      81
220685  240092  2545288164      80      81
220781  180534  2546816026      80      81
220806  585226  2547296532      80      81
220841  125911  2548298612      80      81
220937  198103  2549612926      80      81
220962  119717  2550173530      80      81
221044  160218  2551480358      80      81
221092  155604  2552290925      80      81
221131  196555  2553002292      80      81
221180  198433  2553908360      80      81
221227  226956  2554692216      80      81
221265  211553  2555618057      80      81
221274  142412  2555950917      80      81
221289  300922  2556311258      80      81
221357  480671  2557875602      80      81
221366  310548  2558547169      80      81
221390  128737  2559343243      80      81
221413  100109  2559929599      80      81
221426  305799  2560242684      80      81
221433  584758  2560670389      80      81
221438  280076  2561342488      80      81
221451  685383  2561823761      80      81
221454  178161  2562530843      80      81
221482  226413  2563157536      80      81
221484  133878  2563401986      80      81
221496  225466  2563790667      80      81
221505  164542  2564189271      80      81
221548  108624  2565043517      80      81
287196  114689  2599789012      80      81
287197  114709  2599905210      80      81
287717  114417  2601715352      80      81
287718  114420  2601831274      80      81
288884  129101  2605349746      80      81
288885  129208  2605480534      80      81
288900  145353  2605621311      80      81
288901  145345  2605768556      80      81
289124  122681  2607543597      80      81
289125  122675  2607667887      80      81
289514  126654  2609785033      80      81
289515  126683  2609913343      80      81
289578  164450  2610772411      80      81
289579  164316  2610938991      80      81
289654  106778  2611911557      80      81
289655  106768  2612019745      80      81
290315  127321  2616616902      80      81
290316  127325  2616745890      80      81
290926  100700  2619658432      80      81
290927  100758  2619760465      80      81
